%% TIME_STEP 0(4612141) 1(6537862) 2(14138408) 3(14485632) 4(14819012) 5(20209304) 6(22212694) 7(22463054) 8(24146720) 9(33526608) 10(34449498) 11(35774685) 12(41024746) 13(45912841) 14(48869925) 15(52504705) 16(66510953) 17(77490435) 18(89768997) 19(92460015) 20(106464674) 21(109507242) 22(134451708) 23(152480813) 24(190315893) 25(207811099) 26(231697809) 27(233670911) 28(260574299) 29(262992597) 30(320769882) 31(331731962) 32(350386811) 33(383928860) 34(458150500) 35(628944527) 36(839347502) 37(915249049) 38(918279979) 
0 2 2 2 2 2 2 2 0 2 2 2 0 2 2 0 2 2 2 2 2 2 2 2 2 2 2 2 2 2 2 0 2 2 2 2 2 0 2 2 
1 2 2 0 2 2 2 2 0 2 2 2 0 0 0 0 2 0 0 2 2 2 0 2 2 2 2 2 2 2 0 2 2 2 2 2 0 0 0 0 
2 2 2 2 2 2 0 2 0 2 2 2 2 0 0 0 2 0 2 2 2 0 2 0 2 0 2 2 2 2 0 0 2 2 2 2 0 0 0 2 
3 2 2 0 0 0 0 2 0 0 2 2 2 2 2 0 0 2 0 0 0 2 2 0 2 2 2 2 2 2 0 0 2 0 0 0 0 2 0 2 
4 2 0 0 2 2 0 2 2 2 2 0 2 2 2 0 0 2 2 2 0 2 0 0 2 0 2 2 2 2 2 0 0 0 2 0 0 2 0 2 
5 2 0 0 0 0 0 0 2 0 2 0 0 0 0 0 2 2 0 2 0 2 2 0 2 2 2 2 2 0 2 0 2 2 2 0 0 0 0 2 
6 2 2 0 2 2 0 0 0 2 2 0 0 2 0 0 0 0 2 2 2 2 2 0 0 2 2 2 2 0 2 0 2 2 0 0 0 0 0 2 
7 2 2 0 2 2 0 0 0 2 2 0 0 2 0 2 2 0 2 0 2 0 2 2 2 2 0 2 2 0 0 2 2 2 2 0 0 0 0 0 
8 0 2 0 2 2 2 0 0 0 2 0 2 2 0 2 2 2 2 0 2 2 2 2 2 2 0 2 2 0 0 0 2 2 2 0 2 2 0 2 
9 0 0 0 0 0 2 2 2 2 2 0 2 0 2 2 2 0 0 2 2 2 0 2 2 2 0 2 0 0 2 2 2 2 2 2 0 2 0 0 
10 2 0 2 2 0 0 2 2 2 2 2 2 0 2 0 0 0 2 0 2 0 0 0 0 0 0 2 0 0 0 2 0 0 2 2 1 0 0 2 
11 0 0 0 0 2 0 2 2 2 2 2 0 2 0 0 0 2 0 2 0 2 0 0 0 0 0 2 0 0 2 2 2 0 0 0 2 0 0 2 
12 2 2 0 2 2 0 2 2 0 0 0 2 2 0 0 2 0 0 2 0 2 2 0 0 2 0 0 0 0 0 2 0 2 2 0 2 2 0 2 
13 0 2 0 2 2 0 2 0 2 2 0 0 2 0 2 0 2 2 2 0 2 0 0 0 0 2 0 0 0 0 2 0 0 2 0 2 0 0 2 
14 0 2 0 0 2 0 2 0 0 0 0 2 0 0 2 2 2 0 2 2 0 2 2 0 0 2 0 2 2 2 0 0 2 0 0 2 0 0 2 
15 2 2 0 2 2 2 0 0 2 0 0 0 0 0 2 0 0 0 2 2 0 0 2 0 2 2 0 2 0 0 2 0 2 2 0 0 0 2 0 
16 0 2 0 2 2 2 2 0 2 0 0 2 2 2 2 0 0 0 2 2 0 0 0 2 2 0 2 0 0 0 0 0 2 0 2 0 2 0 0 
17 0 0 0 0 2 0 2 2 0 0 2 2 2 2 0 0 0 0 0 0 2 2 0 2 0 0 0 0 0 0 0 2 1 2 0 2 2 0 0 
18 2 0 0 2 2 0 2 2 0 0 2 2 2 0 2 0 2 0 0 2 2 0 2 2 2 2 2 0 0 2 2 0 2 0 2 0 0 0 0 
19 2 0 0 2 0 0 0 2 0 2 0 2 2 2 0 0 0 0 0 2 2 2 0 2 2 2 0 0 0 2 0 0 0 2 0 2 0 0 2 
20 0 2 0 2 0 0 2 2 2 0 0 2 2 2 2 2 0 2 2 0 0 2 0 2 0 2 0 0 0 0 0 2 0 2 2 2 0 0 2 
21 0 2 2 0 0 0 0 2 2 0 0 2 0 2 2 2 0 0 0 0 2 2 2 2 2 2 2 2 0 2 0 2 0 2 2 0 0 0 2 
22 2 2 0 0 2 0 2 0 2 2 2 2 2 2 2 2 0 0 0 2 0 0 2 2 2 2 2 2 0 0 2 2 2 0 2 0 0 0 2 
