40.664879 -73.918209
40.838089 -73.878068
40.939287 -74.133909
40.694152 -73.742335
40.681736 -73.934776
40.870242 -73.905676
40.616502 -74.086
40.675998 -73.865642
41.093673 -73.417889
40.876667 -73.907534
40.837883 -73.879543
40.916275 -74.149172
41.42487 -74.427373
40.712343 -73.949071
40.829342 -73.944726
40.729093 -73.987643
40.789406 -73.951317
40.828139 -73.917775
40.722291 -73.814433
40.818449 -73.920129
40.768676 -73.589005
40.690195 -73.919775
41.537558 -74.071007
40.775808 -73.936424
40.830293 -73.919266
40.687043 -73.935293
40.736883 -73.905791
40.685945 -73.952429
40.669561 -73.894579
40.987565 -73.81065
40.7213 -73.9578
40.835066 -74.053897
40.861047 -73.863102
39.96725 -74.183474
40.825739 -73.012898
40.803473 -73.949544
40.640931 -73.963872
40.714659 -74.231733
40.669055 -73.865049
40.641701 -73.745489
40.6822 -73.991769
40.713734 -74.956764
40.820704 -73.976992
40.723865 -73.725288
40.835546 -73.906483
41.016331 -74.476253
40.683866 -73.922252
40.762775 -73.973271
40.631479 -73.89145
40.713113 -74.201343
40.754606 -73.980731
40.13126 -74.287376
40.665042 -73.719691
40.883112 -73.825461
40.805864 -73.939033
40.618058 -74.280818
40.7996 -73.944963
40.755435 -73.973508
40.67131 -73.92885
40.909657 -74.18976
40.624926 -73.936162
41.523273 -74.10872
40.650444 -73.937902
40.768235 -74.244158
40.772316 -73.955544
40.687381 -73.962194
40.6697 -73.949634
40.686719 -73.418341
40.738973 -73.795316
40.8139 -73.897374
40.931325 -73.854302
40.712155 -73.93682
40.659206 -73.584651
40.715213 -73.6128
40.748306 -73.990158
40.708786 -73.760665
40.696173 -73.544912
40.672955 -73.729858
40.701076 -73.914084
40.713077 -73.737497
40.666195 -73.905017
40.694278 -73.960005
41.448388 -74.421454
40.7676 -73.56628
41.104449 -74.024276
40.651514 -73.576242
40.722269 -73.97634
40.840055 -73.914653
40.680983 -73.792957
40.62831 -73.947189
40.871912 -73.850313
40.277969 -74.005086
40.844805 -73.86644
40.680139 -73.782734
40.652003 -73.943739
40.710525 -74.195789
41.175781 -73.998407
40.08495 -74.219405
40.775089 -73.909031
40.23418 -74.771902
40.670573 -73.737044
41.232006 -74.004604
40.68215 -73.959771
40.649581 -73.948163
40.71243 -73.991171
40.867571 -73.901909
40.6761288 -74.005231
40.787009 -73.945575
40.89283 -73.858336
40.653857 -73.916457
40.835066 -74.053897
40.633384 -73.942271
40.925694 -74.501572
40.585314 -73.964461
40.704681 -73.779253
40.575798 -73.990613
40.632611 -73.905501
40.647557 -73.92305
40.986989 -73.990986
40.687496 -73.978752
40.64637 -73.964332
40.864704 -73.866898
40.648968 -73.941552
40.67663 -73.868942
40.705748 -73.897298
40.73083 -74.204497
40.69749 -73.769149
40.72321 -73.80309
40.733209 -73.989889
40.784921 -73.947978
40.692454 -73.462614
40.617317 -73.916915
40.695638 -73.732641
40.633729 -73.88117
40.763301 -73.281409
40.906972 -74.163623
40.359921 -74.945586
40.713414 -73.775329
40.8427 -73.878425
40.787506 -73.937152
40.659206 -73.584651
40.660893 -73.903724
40.666395 -73.890309
40.680288 -73.883619
40.662235 -73.950602
40.672548 -73.568731
40.887929 -73.86383
40.608319 -74.162241
41.190737 -73.194299
40.692454 -73.462614
40.901866 -74.000656
40.764679 -73.860655
40.809651 -73.94992
40.7797 -73.977
40.864534 -73.361813
40.659673 -73.932006
40.981079 -73.881734
40.666503 -73.931443
40.874808 -73.865905
40.715213 -73.6128
40.788282 -73.972982
40.939287 -74.133909
40.229659 -74.050005
40.7095 -73.574821
40.696222 -73.500985
40.848415 -73.631485
40.716535 -73.82755
40.735225 -74.006791
41.527132 -73.981505
40.607465 -74.456109
40.674773 -73.953354
40.80815 -73.954888
40.7273 -74.1883
40.649788 -73.961511
40.692454 -73.462614
40.695951 -73.80179
40.674848 -73.952775
40.745619 -74.258633
40.71686 -73.98531
40.832113 -73.923073
40.637357 -73.963156
40.730901 -73.998885
40.708194 -73.789233
40.746366 -74.213675
40.717676 -73.977832
40.640646 -74.267365
40.650553 -73.956162
40.660748 -74.451302
40.601488 -74.016427
40.671384 -73.751694
40.664879 -73.918209
40.823931 -73.940963
40.588354 -73.81898
40.731985 -73.35593
40.664186 -73.924891
40.733222 -73.987003
40.5847 -73.986183
40.825412 -73.864089
41.032389 -73.761294
40.84632 -73.93255
40.766507 -73.953971
40.857762 -73.070161
40.824963 -73.94077
40.809737 -73.944086
40.693099 -73.747672
41.069842 -73.499184
40.723801 -73.937638
40.707543 -73.780951
40.693777 -73.933957
40.676751 -73.906439
40.661952 -73.957063
40.760507 -73.751728
40.762001 -74.227055
40.714659 -74.231733
40.931524 -73.888992
40.813476 -74.181293
40.830568 -73.920359
40.871854 -74.046689
40.755291 -73.292363
40.933592 -74.173754
40.277969 -74.005086
41.161611 -73.862303
40.666195 -73.905017
40.902172 -73.830494
40.651609 -73.709672
40.755883 -73.995507
40.803473 -73.949544
40.694602 -73.897269
40.633185 -74.248198
40.664879 -73.918209
40.674791 -73.77868
40.649442 -73.909338
40.762125 -73.989936
40.597886 -73.772633
40.607791 -73.759784
40.716292 -73.407194
40.813729 -73.921735
40.643932 -73.901047
40.632132 -74.154505
40.685674 -73.936527
40.81486 -73.958165
40.829911 -73.889828
40.595345 -73.940375
40.822414 -73.951601
40.520587 -74.345662
40.84994 -73.92383
40.682061 -73.988657
40.637818 -74.055943
40.703 -73.9873
40.81911 -73.918939
40.636734 -73.951693
40.858582 -74.359186
40.69591 -73.974245
40.611569 -74.285091
40.277969 -74.005086
40.8078 -73.934091
40.88163 -73.836256
40.824703 -73.593742
40.797135 -73.968327
40.694278 -73.960005
40.931911 -74.161604
40.899048 -73.832378
40.706187 -73.735238
40.842145 -73.882014
40.652573 -73.960861
40.862411 -73.862811
40.695647 -73.949951
40.710021 -73.794001
40.636 -73.927416
40.813057 -73.923171
40.212418 -74.76984
40.870702 -73.842488
40.9135794 -73.123809
41.210713 -73.810552
40.716515 -74.228089
40.662 -73.9537
40.815552 -74.183147
40.831885 -73.92352
40.691121 -73.945961
40.686484 -73.784738
40.875249 -73.907153
40.702684 -74.249477
40.585314 -73.964461
40.682571 -73.947255
40.684908 -73.948557
40.797946 -73.932563
40.874808 -73.865905
40.599079 -73.753526
40.594262 -74.234282
40.681438 -73.84858
40.68166183 -73.7681607
40.715758 -73.766704
40.624926 -73.936162
40.842547 -73.915323
40.638308 -73.904929
40.703387 -73.582885
40.695951 -73.80179
40.816169 -73.923364
40.872145 -73.906185
40.762001 -74.227055
40.838392 -73.878804
40.698302 -73.903096
40.827262 -73.917057
40.638778 -73.953658
40.818345 -73.911848
40.832513 -73.857978
40.829401 -73.926223
40.824864 -73.92018
40.840893 -73.868838
40.84994 -73.92383
40.746445 -73.999046
40.665042 -73.719691
40.631127 -73.897497
40.696818 -73.978918
40.934575 -74.182668
40.660213 -73.859754
40.746208 -73.834953
40.692454 -73.462614
40.578115 -73.935744
40.641821 -74.216127
40.644818 -73.959963
40.708766 -74.231049
40.707417 -73.453881
40.824066 -73.874671
40.707906 -74.561433
40.704901 -73.95174
40.871377 -73.866364
40.815755 -73.91832
40.801436 -73.934465
40.699628 -74.089362
40.664879 -73.918209
40.881801 -74.050927
40.687339 -73.929936
40.694488 -73.93165
40.847605 -73.935155
40.657167 -74.398081
40.757912 -73.998813
40.683481 -73.993837
40.632523 -73.912544
40.835355 -73.541499
40.71686 -73.98531
40.864534 -73.361813
40.736355 -73.884114
40.705904 -74.016227
41.173057 -74.08002
40.737268 -73.978453
40.787009 -73.945575
40.830293 -73.919266
40.902172 -73.830494
40.770897 -73.987288
40.662239 -73.651343
40.602746 -74.266778
40.65781 -73.792385
40.663224 -73.955854
40.697889 -73.98539
40.2337 -74.7254
40.649788 -73.961511
40.660893 -73.903724
40.624802 -73.893199
40.77182 -73.918732
40.674553 -73.947301
40.73083 -74.204497
40.717676 -73.977832
40.871866 -74.137784
40.652573 -73.960861
40.765367 -73.582757
40.7911098 -73.947917
40.7299 -74.005
40.621 -73.281
40.670953 -73.959201
40.7603663 -73.934099
40.631979 -73.901763
40.665757 -73.730808
40.695401 -74.10131
40.801295 -74.461934
40.653971 -73.88685
40.650249 -73.967446
40.669377 -73.877214
40.897681 -73.138867
40.713227 -73.76441
40.873295 -73.952036
40.81999 -73.857222
40.666386 -73.715066
40.881489 -73.886335
40.701207 -73.801156
40.695179 -73.783206
40.64412 -73.901783
40.595099 -73.782173
40.844805 -73.86644
40.738973 -73.795316
40.846626 -73.845885
40.540203 -74.310838
40.7226 -73.9883
40.650014 -74.360862
40.646831 -73.893456
40.639944 -73.886022
40.818449 -73.920129
40.815046 -73.947395
40.847351 -73.885967
41.105122 -73.42535
40.640154 -74.231007
40.679007 -73.750738
40.641556 -73.951111
40.672306 -73.926971
40.835066 -74.053897
40.772109 -73.785499
41.030728 -73.776068
40.705329 -73.742921
40.887929 -73.86383
40.680983 -73.792957
40.698429 -73.949785
40.3538 -74.6622
40.672175 -73.95278
40.820704 -73.976992
40.639588 -73.879706
40.213365 -74.835567
40.775808 -73.936424
40.941 -73.901438
40.6873 -73.929
40.612154 -74.124436
40.660897 -73.881027
40.657458 -73.73148
40.944251 -73.898819
40.738257 -73.989948
40.723312 -73.987437
40.663696 -73.887924
40.685137 -73.935739
40.904963 -73.860795
40.6747 -73.9226
40.979544 -73.899203
40.806684 -73.9428
40.70204 -73.793086
40.708993 -73.699141
40.762001 -74.227055
40.681817 -73.775032
40.593919 -73.811201
40.665392 -73.614525
40.608928 -74.04768
40.69996 -73.7778
40.657833 -73.914552
40.787009 -73.945575
40.663514 -73.939898
40.756506 -73.934844
40.690761 -74.231182
40.641968 -73.944733
40.772055 -73.951366
40.645189 -73.898317
41.238632 -73.184301
40.659206 -73.584651
40.672075 -73.878716
40.634183 -73.948734
41.452683 -74.355693
40.870552 -73.848745
40.872104 -73.857034
40.740642 -74.032468
40.830568 -73.920359
40.788656 -73.944071
40.773864 -73.982095
40.75398 -73.940229
40.665423 -73.950914
40.720703 -73.981216
40.698711 -73.938804
40.677792 -73.933998
40.786866 -74.16036
40.932907 -74.152181
40.744646 -74.006932
40.745619 -74.258633
40.848872 -73.856423
40.867366 -73.919145
40.764369 -73.977316
40.922829 -73.902806
40.768372 -74.286128
40.705575 -73.917533
41.226521 -73.181058
40.852746 -73.903103
40.666691 -73.777948
40.7561 -73.8709
40.901655 -73.818545
40.814625 -73.848307
40.67746 -73.917242
40.891552 -73.864883
40.804837 -73.944058
40.636885 -73.880965
40.860818 -73.591332
40.585314 -73.964461
40.75 -73.997
40.668058 -73.77177
40.868604 -73.891665
40.800754 -73.955345
40.735763 -73.991652
40.692454 -73.462614
40.726442 -73.985804
40.595497 -73.765639
40.62831 -73.947189
40.667506 -74.006812
40.897266 -74.184647
41.154289 -73.393827
40.90779 -73.854535
40.769324 -74.241147
40.820704 -73.976992
