-0.30509016
-0.31682477
-0.35129941
-0.68239278
-0.72240264
-0.26440957
-0.83472626
-0.99314664
-1.31925370
-0.89793252
-1.02134126
-1.75894865
-1.27836172
-0.27034645
-0.82516062
-0.53388188
-1.24179947
-1.15308525
-0.52833043
-0.53650229
-0.18775480
-0.46512250
-0.63799140
-0.73647426
-1.31802498
0.27404400
-0.90827729
-0.91263647
-0.22648191
-0.69345850
0.00000000
-0.55629306
-0.12824677
-0.60741933
-2.18145527
-0.32139362
-0.44162042
-0.32470670
-1.16626786
0.56236261
-0.33187243
-0.15828188
-1.34138288
-0.49782489
-0.79747115
-0.91231239
-0.93404717
-1.03011314
-0.41984749
-0.25165421
-0.90067177
-0.43405161
0.06339404
-0.07897764
-0.67217083
-0.08520649
-1.21673372
-0.68824754
-0.10313704
-0.63049168
-0.65699160
-0.10643889
-1.15876974
-0.65721281
-0.94287419
-1.18689723
-0.43212827
-0.19971223
-0.97368303
-0.45609662
-0.34515002
-0.27309697
-0.09610185
-0.46277396
-0.15840569
-0.09792857
-0.62274228
-0.38618294
-0.20533234
-1.04122664
-0.24827618
-0.65300563
-0.63386611
-0.27119351
-0.72760481
-0.91682895
-0.15528902
-0.35225959
-0.43494256
-0.77259757
-0.63589049
-0.90737390
-0.08408166
-1.60087852
-1.19974187
-1.51759960
-0.55677412
-0.14274327
-0.33836677
0.09360505
-0.15519917
-0.16764303
0.02492695
-0.91011004
-0.45919560
-0.22134255
-0.51515186
-0.25752251
-0.06980485
-0.21415786
-0.21743705
-0.13077931
-1.36582525
-1.76163913
-1.45645986
-0.28272280
-1.10364569
-1.23315487
-0.63846853
-0.61993008
-0.71734612
-0.72155573
-1.40784389
0.12552781
-0.17432022
-1.17335239
-1.38545848
-0.91647411
-1.43688286
-0.30282510
-0.37479797
-0.50734007
-1.34408348
-0.48602953
-0.58518553
-0.35211380
-0.03288762
-1.25558628
-1.14719040
-1.29925788
-0.12793148
-0.31405181
0.00000000
-0.70732919
-1.80962892
-1.15642058
-1.19301483
-0.87147915
0.02220663
0.08058996
-0.97358830
-0.20826179
-0.37565357
-0.48745359
-0.49432300
-1.03727245
-0.91337571
-0.64165857
-1.52775301
-0.01457359
-0.49059697
-0.41945364
-0.72606933
-1.04507916
-0.35755619
-0.15701087
-0.60566402
-0.96271404
-0.82473389
-0.96997026
-0.83736137
-1.17697299
-0.98589649
-1.28193953
-0.80877037
-1.16527506
-0.81886290
-0.73276917
-0.56613215
-0.06442496
-0.57896960
0.04278413
0.17939247
-0.69057498
-0.61859438
0.08081754
-1.25558628
0.02686219
-0.97235700
-0.21743705
-0.82284355
0.15742004
-0.33873966
-0.80450134
-1.32239659
-0.67651963
-0.51112994
0.02367677
-0.98152054
-0.54731708
-0.70926176
-1.50766222
-1.04828786
-1.43198197
0.09707937
-1.31263249
-0.80940651
-0.23765013
-0.65290535
-2.73362912
-0.41962589
0.02274201
-0.92613637
-0.25580379
0.15990308
-1.61985659
-0.01296505
0.00569531
-0.61424809
-0.79764856
-2.33159117
-0.32517550
0.11072624
-0.36090126
-0.01322232
-0.20753222
-0.70294932
-0.52468074
-1.27822957
0.02418084
-1.52810668
-0.44065328
-0.32048843
-0.36281838
-0.26099422
-0.47496387
-0.30097437
-0.07252283
-0.36362847
-0.88612774
-0.95958782
0.00008501
-0.32452813
-0.07858621
0.05753364
-0.34708024
-0.36901786
-0.19591677
-1.56750845
-1.32554053
-0.79072633
-0.38636636
-0.05693580
-0.83784689
-0.11878262
-0.75120354
-0.86874398
-0.75170784
-0.56099846
-0.07187777
-0.38131418
-0.89947891
-0.38339082
-1.55749659
0.07965671
-0.88792882
-0.60779586
-0.12612753
-0.39452371
-0.05700791
-0.42143684
-1.94884607
-1.03825509
-1.05861596
-1.13152422
-0.13386186
-0.97664862
-0.69540193
-0.67065076
-0.92203843
-0.41407350
-0.64345889
0.07456944
-0.40447627
0.10129062
-0.88520228
-0.37706282
-0.05265644
-1.00277239
-0.61584121
-0.03462136
-0.14807682
-0.59294692
-0.45733687
-1.01664948
-0.52684153
-0.45430379
-0.76057868
-0.53697090
-0.60544735
-0.29640527
-0.77453499
-0.88889518
-0.13167136
-1.04591324
-0.05892829
-0.75816884
-0.03052632
-0.57536292
-0.50637549
-0.63412677
-1.47729012
-0.29767985
-1.06431802
-0.56833434
-0.57329595
0.00418622
-0.66101665
-0.66975900
-0.12111155
-0.40930785
-0.38114395
-1.24671884
-0.15485408
-0.67276685
-0.28569317
-0.83231242
-0.69742111
-1.18159647
-0.07523287
0.16621699
-1.23173225
-0.42492472
-0.65194580
-0.13395377
-1.45645986
-0.31747664
-0.20326425
-0.29086687
-0.79855917
-1.11844298
-0.31129720
-1.45645986
0.13205618
-0.04888695
-0.63503494
-1.40002882
-0.96986419
-0.26164080
-0.21055150
-0.43946989
-0.29300249
-0.08468381
0.42226189
-0.40247859
-0.10781721
-0.40167048
-0.49686518
-0.70398450
-0.60523444
-0.71906976
-0.35755619
-0.59408458
-0.64991656
-0.90531052
-0.44351903
-1.40041811
0.03470821
-0.67608382
-0.52367512
-0.12546814
-0.69028460
-0.94672379
-0.03896844
0.02441998
-1.43691678
-0.30554129
-0.68378412
-1.03676754
-0.69104762
0.01055104
-1.69417275
-0.65226359
-1.27439351
-1.07147968
-0.36792890
-0.41269629
-0.86550382
-0.52717142
-1.16059524
-0.99414168
-1.17532944
-0.62281018
-1.08732682
-1.24899514
-0.38676811
-0.43019969
-1.23688481
-0.09621808
-0.77040805
-0.80170765
-0.71002347
-0.54047242
-0.56908539
-0.04066242
-1.75496953
0.02899089
-1.80176370
-0.95110722
-1.21323617
-0.45581430
-0.51313130
-1.01360475
-0.75765532
-0.80225843
0.01445685
-0.44871138
-1.51885544
-1.73996366
-0.52116735
-0.95573096
-0.23612205
-0.37649657
-0.89382448
-0.86176749
-0.65432731
-0.46786832
-0.18830005
-0.69435787
-0.35096999
-1.27744948
-0.38530654
-0.34371939
-0.29664166
-0.04846947
-0.60913239
-0.99746407
-0.77073633
0.03086972
-0.36058242
-0.77582617
0.12370071
-0.67902840
-0.74953964
-0.45750303
-0.17800702
-1.13354440
-0.05489732
0.00000000
-0.05863085
-0.39761932
-1.06028757
-0.58607837
-1.66204368
-2.44413896
-0.30952629
-1.30257326
-0.81634701
-1.12023518
-1.31368046
-0.83663451
-0.01990269
-0.08009926
-1.65025167
-0.93680475
-0.28292014
-0.23243347
-0.36199065
-0.63748142
-0.88287489
0.00033062
-0.71579207
-1.32112661
-0.72208502
-0.76854333
-0.57969078
-1.03495850
-0.64482330
0.18749320
-0.49222516
-0.62842107
-1.01757899
-0.37476240
-1.49424148
-0.67393939
-1.17759991
-0.29051682
-0.73920286
-0.22894888
-0.32048843
-0.12648407
-0.55709188
-0.00364729
-0.08706152
-0.42271890
-0.16501010
-0.55360293
-0.47093293
-0.44244706
-0.92888318
-1.05127388
-0.17361533
-0.66527188
-0.02864185
-0.37317204
0.03673438
-0.44210330
0.06235993
-1.00023000
0.02658265
-0.66574436
-0.41944206
-0.36768473
-0.95074649
-0.54849799
-0.73253406
-0.11403355
-1.59404642
-0.49359065
-1.24094794
-1.02406988
-0.29791641
-0.28571994
-0.56344872
-0.78583133
-0.70486648
-1.10787080
-0.24147306
-0.77883222
-0.79172015
0.16304109
-0.96579909
-0.35580177
-0.36093771
-0.05783978
-0.35499854
-0.57524685
-0.72360131
-0.40306517
0.04347527
-0.67801751
0.10987504
-0.20251421
-0.45459826
-0.27604017
-0.78143500
-0.30719095
-0.83865228
-0.36058320
-0.47344576
-0.32668568
-0.36970686
-1.45740016
-0.86518465
-0.74941773
-0.83059639
-1.18721261
-0.55233300
-1.12922053
-1.53138704
-0.09343310
-0.38173390
-0.32580078
-1.39429512
-0.04037212
-0.31419670
-2.04075239
-0.71857280
-0.29742599
-0.58376751
-0.67732655
-1.74614066
-0.42512107
-0.89148663
-0.92234158
-0.77169352
-0.77043442
-0.31636797
0.07236774
-1.10866621
-0.13726371
-1.74112092
-2.57290986
-0.62952441
-0.77991726
-0.20172944
-1.13649687
-1.12709569
-1.21986030
-0.74921897
-0.23298568
-0.23346713
-0.51735084
-0.99247643
-1.55915161
-0.19327078
-0.03816306
-0.18288550
-0.10597215
-0.04273688
-1.11282797
-0.91163837
-1.12945235
-1.00459625
-1.02022988
-0.29324216
-0.78504417
0.00000000
-0.26369899
-1.77743749
-1.41580783
-0.34976391
0.00000000
-0.58522770
-0.64949390
-1.64545900
-0.05254379
-0.13641811
-0.40999842
-0.19119948
-1.63045342
-1.07684548
-1.00445634
-1.02789435
-0.35430301
-0.71820622
0.07084868
-1.27744948
-0.39559688
-0.99362843
-0.23135656
-1.32086482
-0.49168847
-0.71169903
0.13965158
-0.80575864
-1.99633772
-1.38922343
-0.59463985
-1.10018702
-0.86276234
-1.49861559
-1.27744948
-0.77518383
-1.27662386
-1.11625619
-1.10525800
-0.10597215
-0.76236856
0.27243978
-1.14567628
-0.37452135
-1.85607564
-0.59785679
-0.76857015
-1.22040775
-0.42797395
-0.28992771
-0.42574036
-1.02985067
-0.80576682
-0.56460715
-1.14103732
-0.46355880
-0.30212935
-0.77355776
-0.66591954
0.00000000
-1.03698015
-0.19380331
-1.14481708
-0.62467753
-0.25282367
-0.47069196
-0.94678101
-0.99032462
-0.70210539
-1.02895766
-1.10213976
-0.35755619
-0.14878279
-0.80655092
-1.04054290
-0.37453809
-0.40331857
-0.53234153
-1.57499004
-0.54796772
-0.64231225
-0.38306595
-1.48132894
-0.58342330
-0.74944843
-0.04121509
-0.59380875
-1.17563775
-0.66499936
-0.85750210
-0.69096648
-0.48946661
-1.29677110
-0.13189843
-0.48318561
-0.44189650
-0.69681910
-1.76468897
-0.91596097
-0.32973215
-0.28114449
-0.52295262
-0.37428255
-0.38898698
-0.31682123
-0.38197771
-0.46965543
-0.70037579
-0.59310321
-0.55667223
-0.23294484
-0.82172342
-0.14478074
-0.23803881
-0.93533778
-0.42695819
0.00000000
-0.53425319
-0.66585961
-0.37840346
-0.15420368
-0.10597215
-1.11554920
-0.92734783
-0.73575399
-0.74965872
0.18141002
-1.40453400
-0.40055179
-1.31783113
-0.86522097
-1.46107760
0.00030157
-0.06018057
-0.29556453
-0.12861859
-1.44403166
-0.36855020
-0.83004168
-0.64466919
-0.19750592
-0.87080923
-0.33103900
-1.13396937
-0.83237712
-0.85178662
-1.19185672
-0.22619144
-1.64392307
-0.46727349
0.02743044
-0.20463889
-0.58624628
-0.96194249
-1.66520198
-0.44196019
-0.31041905
-0.61819814
-0.67478966
-0.03026031
-0.94996634
-0.38549327
-0.00035960
-1.05877899
-0.41208981
-0.54304584
-0.18618957
-0.67269900
-1.31972859
-1.49658105
-1.08225346
-0.28541859
-1.78243065
-2.01173046
-0.01322232
-1.53890577
-0.22719906
-0.22989427
0.00539065
-0.45002345
-0.74679005
-1.25558628
-1.88431668
-0.71013678
-0.73644321
-0.62771689
-1.48304408
-0.64638633
-0.40208861
-0.25599765
-0.18028017
-1.32417786
-0.40536295
-0.04069281
-1.34949138
-1.32853528
-0.70946800
-0.29415352
-0.49894362
-0.59599533
0.01414537
-0.68748377
-0.47342181
-0.19030237
-0.66816505
-0.75682774
-0.19123166
-1.17366939
-0.18068098
-0.43113985
-0.01241895
-0.81248368
-0.75814540
-0.21903262
-0.86511708
0.07965671
-0.75527058
-0.23650547
-0.53719070
-1.11534809
-1.07855125
-0.46534667
-1.23934866
-1.23696457
-1.60575595
0.04296246
-0.63057066
-1.94602620
-1.51050310
-0.80201754
-0.72192600
0.02421228
-0.25248176
-0.58715951
-0.81207642
-0.10891348
-1.22183329
-0.64495819
-1.09644665
-0.23642247
0.03947076
-0.95862011
-0.22601489
-0.48570114
-1.11715456
-0.23492188
-0.03174307
-0.37315964
-0.70114516
-0.75687646
-0.62728232
-0.97355245
-0.02048167
-0.81770412
-0.79901918
-0.92392925
-1.34787513
-0.33371535
-0.99247643
-0.47610201
-1.10832953
-0.69084880
-0.80098628
-0.62382243
-1.11178560
0.00662944
-0.45842583
-1.29418025
-0.76994176
-0.49154027
-0.59896923
-0.70069679
-0.90476749
-0.36331545
-0.61782278
-0.07907364
0.01701967
-1.34570455
-0.50620214
-0.22663792
-0.93692261
-0.25892268
-0.12090042
-0.72839628
-0.49153562
-0.10676693
-0.60741933
-0.35097493
-1.89208118
-1.42043770
0.47484921
-0.79303265
-0.04058425
-0.62003479
-0.94421403
-0.52823739
-0.11943416
-0.38526801
0.10449245
-1.11412971
-1.13158518
-0.84346775
-0.93989730
-0.53125105
-0.63299835
-0.85316836
-0.85245541
-0.57413874
-0.44850284
-0.52823739
-1.05226393
-0.95416789
-0.41392890
-0.19215021
0.07760893
-1.15161647
-0.55976550
-0.84816104
-0.21280586
-0.91506144
-0.06483905
-0.15642215
-1.16796512
-0.67941462
-0.83442103
-0.49616134
-0.34162991
-0.03926942
-0.77713723
-0.30444434
-0.55717658
-0.56251149
-0.28902667
-1.26998184
-1.38204898
-1.84344858
0.03313638
-0.30714644
-0.05215429
-0.47888906
-0.60779586
-0.32502945
-0.66776874
-0.38036816
-0.39483072
-1.07388709
-0.93611735
-2.14479818
0.25185282
-0.47714247
-0.89253577
-0.89584411
-0.08736569
-0.95659660
-0.01133429
-0.11793485
-0.29126749
-1.21436577
-0.65779853
-0.47194092
-0.58230771
-1.10627179
-0.44734635
-0.27342041
-0.31954794
-0.51483387
-1.40654906
-0.83740364
-0.07896647
-0.01488471
-0.66634045
0.00000000
-0.03261089
-0.68508494
-0.92426022
-0.14590872
-0.13554291
-0.11792582
-0.39368624
-0.65067342
-0.42377101
-0.47929666
-0.20479155
-1.28135647
-0.45086886
-1.14588979
-0.57685717
-0.41455962
-1.02484174
-0.37586425
-0.88122293
-0.59579130
